v
0
1
2
3
401
402
403
404
405
426
427
429
430
486
487
489
490
1361
1362
1363
3353
3354
3428
3467
3582
3661
3663
3700
3779
3817
e
0 1
0 3
0 404
1 2
1 403
2 3
2 405
3 1363
4 5
4 75
5 6
6 7
7 8
8 9
9 10
10 11
11 12
12 13
13 14
14 15
15 16
16 17
17 18
18 19
19 20
20 21
21 22
22 23
23 24
24 25
25 26
26 27
27 28
28 29
29 30
30 31
31 32
32 33
33 34
34 35
35 36
36 37
37 38
38 39
39 40
40 41
41 42
42 43
43 44
44 45
45 46
46 47
47 48
48 49
49 50
50 51
51 52
52 53
53 54
54 55
55 56
56 57
57 58
58 59
59 60
60 61
61 62
62 63
63 64
64 65
65 66
66 67
67 68
68 69
69 70
70 71
71 72
72 73
73 74
74 75
76 77
76 147
77 78
78 79
79 80
80 81
81 82
82 83
83 84
84 85
85 86
86 87
87 88
88 89
89 90
90 91
91 92
92 93
93 94
94 95
95 96
96 97
97 98
98 99
99 100
100 101
101 102
102 103
103 104
104 105
105 106
106 107
107 108
108 109
109 110
110 111
111 112
112 113
113 114
114 115
115 116
116 117
117 118
118 119
119 120
120 121
121 122
122 123
123 124
124 125
125 126
126 127
127 128
128 129
129 130
130 131
131 132
132 133
133 134
134 135
135 136
136 137
137 138
138 139
139 140
140 141
141 142
142 143
143 144
144 145
145 146
146 147
148 149
148 219
149 150
150 151
151 152
152 153
153 154
154 155
155 156
156 157
157 158
158 159
159 160
160 161
161 162
162 163
163 164
164 165
165 166
166 167
167 168
168 169
169 170
170 171
171 172
172 173
173 174
174 175
175 176
176 177
177 178
178 179
179 180
180 181
181 182
182 183
183 184
184 185
185 186
186 187
187 188
188 189
189 190
190 191
191 192
192 193
193 194
194 195
195 196
196 197
197 198
198 199
199 200
200 201
201 202
202 203
203 204
204 205
205 206
206 207
207 208
208 209
209 210
210 211
211 212
212 213
213 214
214 215
215 216
216 217
217 218
218 219
220 221
220 291
221 222
222 223
223 224
224 225
225 226
226 227
227 228
228 229
229 230
230 231
231 232
232 233
233 234
234 235
235 236
236 237
237 238
238 239
239 240
240 241
241 242
242 243
243 244
244 245
245 246
246 247
247 248
248 249
249 250
250 251
251 252
252 253
253 254
254 255
255 256
256 257
257 258
258 259
259 260
260 261
261 262
262 263
263 264
264 265
265 266
266 267
267 268
268 269
269 270
270 271
271 272
272 273
273 274
274 275
275 276
276 277
277 278
278 279
279 280
280 281
281 282
282 283
283 284
284 285
285 286
286 287
287 288
288 289
289 290
290 291
292 293
292 363
293 294
294 295
295 296
296 297
297 298
298 299
299 300
300 301
301 302
302 303
303 304
304 305
305 306
306 307
307 308
308 309
309 310
310 311
311 312
312 313
313 314
314 315
315 316
316 317
317 318
318 319
319 320
320 321
321 322
322 323
323 324
324 325
325 326
326 327
327 328
328 329
329 330
330 331
331 332
332 333
333 334
334 335
335 336
336 337
337 338
338 339
339 340
340 341
341 342
342 343
343 344
344 345
345 346
346 347
347 348
348 349
349 350
350 351
351 352
352 353
353 354
354 355
355 356
356 357
357 358
358 359
359 360
360 361
361 362
362 363
364 365
364 399
365 366
366 367
367 368
368 369
369 370
370 371
371 372
372 373
373 374
374 375
375 376
376 377
377 378
378 379
379 380
380 381
381 382
382 383
383 384
384 385
385 386
386 387
387 388
388 389
389 390
390 391
391 392
392 393
393 394
394 395
395 396
396 397
397 398
398 400
399 401
400 404
401 402
401 1361
402 403
402 1363
403 405
404 1362
405 1363
406 407
406 424
407 451
408 409
408 425
409 410
410 411
411 412
412 413
413 414
414 415
415 416
416 417
417 418
418 419
419 420
420 421
421 422
422 423
423 424
425 426
426 427
426 490
427 428
427 489
428 429
429 430
429 486
430 431
430 487
431 448
432 433
432 449
433 434
434 435
435 436
436 437
437 438
438 439
439 440
440 441
441 442
442 443
443 444
444 445
445 446
446 447
447 448
449 450
450 485
451 452
452 453
453 454
454 455
455 456
456 457
457 458
458 459
459 460
460 461
461 462
462 463
463 464
464 465
465 466
466 467
467 468
468 469
469 470
470 471
471 472
472 473
473 474
474 475
475 476
476 477
477 478
478 479
479 480
480 481
481 482
482 483
483 484
484 485
486 487
486 488
487 490
488 489
489 490
491 492
491 562
492 493
493 494
494 495
495 496
496 497
497 498
498 499
499 500
500 501
501 502
502 503
503 504
504 505
505 506
506 507
507 508
508 509
509 510
510 511
511 512
512 513
513 514
514 515
515 516
516 517
517 518
518 519
519 520
520 521
521 522
522 523
523 524
524 525
525 526
526 527
527 528
528 529
529 530
530 531
531 532
532 533
533 534
534 535
535 536
536 537
537 538
538 539
539 540
540 541
541 542
542 543
543 544
544 545
545 546
546 547
547 548
548 549
549 550
550 551
551 552
552 553
553 554
554 555
555 556
556 557
557 558
558 559
559 560
560 561
561 562
563 564
563 575
564 617
565 566
565 576
566 567
567 568
568 569
569 570
570 571
571 572
572 573
573 574
574 575
576 577
577 601
578 579
578 602
579 580
580 581
581 582
582 583
583 584
584 585
585 586
586 587
587 588
588 589
589 590
590 591
591 592
592 593
593 594
594 595
595 596
596 597
597 598
598 599
599 600
600 601
602 603
603 614
604 605
604 615
605 606
606 607
607 608
608 609
609 610
610 611
611 612
612 613
613 614
615 616
616 640
617 618
618 619
619 620
620 621
621 622
622 623
623 624
624 625
625 626
626 627
627 628
628 629
629 630
630 631
631 632
632 633
633 634
634 635
635 636
636 637
637 638
638 639
639 640
641 642
641 712
642 643
643 644
644 645
645 646
646 647
647 648
648 649
649 650
650 651
651 652
652 653
653 654
654 655
655 656
656 657
657 658
658 659
659 660
660 661
661 662
662 663
663 664
664 665
665 666
666 667
667 668
668 669
669 670
670 671
671 672
672 673
673 674
674 675
675 676
676 677
677 678
678 679
679 680
680 681
681 682
682 683
683 684
684 685
685 686
686 687
687 688
688 689
689 690
690 691
691 692
692 693
693 694
694 695
695 696
696 697
697 698
698 699
699 700
700 701
701 702
702 703
703 704
704 705
705 706
706 707
707 708
708 709
709 710
710 711
711 712
713 714
713 784
714 715
715 716
716 717
717 718
718 719
719 720
720 721
721 722
722 723
723 724
724 725
725 726
726 727
727 728
728 729
729 730
730 731
731 732
732 733
733 734
734 735
735 736
736 737
737 738
738 739
739 740
740 741
741 742
742 743
743 744
744 745
745 746
746 747
747 748
748 749
749 750
750 751
751 752
752 753
753 754
754 755
755 756
756 757
757 758
758 759
759 760
760 761
761 762
762 763
763 764
764 765
765 766
766 767
767 768
768 769
769 770
770 771
771 772
772 773
773 774
774 775
775 776
776 777
777 778
778 779
779 780
780 781
781 782
782 783
783 784
785 786
785 856
786 787
787 788
788 789
789 790
790 791
791 792
792 793
793 794
794 795
795 796
796 797
797 798
798 799
799 800
800 801
801 802
802 803
803 804
804 805
805 806
806 807
807 808
808 809
809 810
810 811
811 812
812 813
813 814
814 815
815 816
816 817
817 818
818 819
819 820
820 821
821 822
822 823
823 824
824 825
825 826
826 827
827 828
828 829
829 830
830 831
831 832
832 833
833 834
834 835
835 836
836 837
837 838
838 839
839 840
840 841
841 842
842 843
843 844
844 845
845 846
846 847
847 848
848 849
849 850
850 851
851 852
852 853
853 854
854 855
855 856
857 858
857 928
858 859
859 860
860 861
861 862
862 863
863 864
864 865
865 866
866 867
867 868
868 869
869 870
870 871
871 872
872 873
873 874
874 875
875 876
876 877
877 878
878 879
879 880
880 881
881 882
882 883
883 884
884 885
885 886
886 887
887 888
888 889
889 890
890 891
891 892
892 893
893 894
894 895
895 896
896 897
897 898
898 899
899 900
900 901
901 902
902 903
903 904
904 905
905 906
906 907
907 908
908 909
909 910
910 911
911 912
912 913
913 914
914 915
915 916
916 917
917 918
918 919
919 920
920 921
921 922
922 923
923 924
924 925
925 926
926 927
927 928
929 930
929 1000
930 931
931 932
932 933
933 934
934 935
935 936
936 937
937 938
938 939
939 940
940 941
941 942
942 943
943 944
944 945
945 946
946 947
947 948
948 949
949 950
950 951
951 952
952 953
953 954
954 955
955 956
956 957
957 958
958 959
959 960
960 961
961 962
962 963
963 964
964 965
965 966
966 967
967 968
968 969
969 970
970 971
971 972
972 973
973 974
974 975
975 976
976 977
977 978
978 979
979 980
980 981
981 982
982 983
983 984
984 985
985 986
986 987
987 988
988 989
989 990
990 991
991 992
992 993
993 994
994 995
995 996
996 997
997 998
998 999
999 1000
1001 1002
1001 1072
1002 1003
1003 1004
1004 1005
1005 1006
1006 1007
1007 1008
1008 1009
1009 1010
1010 1011
1011 1012
1012 1013
1013 1014
1014 1015
1015 1016
1016 1017
1017 1018
1018 1019
1019 1020
1020 1021
1021 1022
1022 1023
1023 1024
1024 1025
1025 1026
1026 1027
1027 1028
1028 1029
1029 1030
1030 1031
1031 1032
1032 1033
1033 1034
1034 1035
1035 1036
1036 1037
1037 1038
1038 1039
1039 1040
1040 1041
1041 1042
1042 1043
1043 1044
1044 1045
1045 1046
1046 1047
1047 1048
1048 1049
1049 1050
1050 1051
1051 1052
1052 1053
1053 1054
1054 1055
1055 1056
1056 1057
1057 1058
1058 1059
1059 1060
1060 1061
1061 1062
1062 1063
1063 1064
1064 1065
1065 1066
1066 1067
1067 1068
1068 1069
1069 1070
1070 1071
1071 1072
1073 1074
1073 1144
1074 1075
1075 1076
1076 1077
1077 1078
1078 1079
1079 1080
1080 1081
1081 1082
1082 1083
1083 1084
1084 1085
1085 1086
1086 1087
1087 1088
1088 1089
1089 1090
1090 1091
1091 1092
1092 1093
1093 1094
1094 1095
1095 1096
1096 1097
1097 1098
1098 1099
1099 1100
1100 1101
1101 1102
1102 1103
1103 1104
1104 1105
1105 1106
1106 1107
1107 1108
1108 1109
1109 1110
1110 1111
1111 1112
1112 1113
1113 1114
1114 1115
1115 1116
1116 1117
1117 1118
1118 1119
1119 1120
1120 1121
1121 1122
1122 1123
1123 1124
1124 1125
1125 1126
1126 1127
1127 1128
1128 1129
1129 1130
1130 1131
1131 1132
1132 1133
1133 1134
1134 1135
1135 1136
1136 1137
1137 1138
1138 1139
1139 1140
1140 1141
1141 1142
1142 1143
1143 1144
1145 1146
1145 1216
1146 1147
1147 1148
1148 1149
1149 1150
1150 1151
1151 1152
1152 1153
1153 1154
1154 1155
1155 1156
1156 1157
1157 1158
1158 1159
1159 1160
1160 1161
1161 1162
1162 1163
1163 1164
1164 1165
1165 1166
1166 1167
1167 1168
1168 1169
1169 1170
1170 1171
1171 1172
1172 1173
1173 1174
1174 1175
1175 1176
1176 1177
1177 1178
1178 1179
1179 1180
1180 1181
1181 1182
1182 1183
1183 1184
1184 1185
1185 1186
1186 1187
1187 1188
1188 1189
1189 1190
1190 1191
1191 1192
1192 1193
1193 1194
1194 1195
1195 1196
1196 1197
1197 1198
1198 1199
1199 1200
1200 1201
1201 1202
1202 1203
1203 1204
1204 1205
1205 1206
1206 1207
1207 1208
1208 1209
1209 1210
1210 1211
1211 1212
1212 1213
1213 1214
1214 1215
1215 1216
1217 1218
1217 1288
1218 1219
1219 1220
1220 1221
1221 1222
1222 1223
1223 1224
1224 1225
1225 1226
1226 1227
1227 1228
1228 1229
1229 1230
1230 1231
1231 1232
1232 1233
1233 1234
1234 1235
1235 1236
1236 1237
1237 1238
1238 1239
1239 1240
1240 1241
1241 1242
1242 1243
1243 1244
1244 1245
1245 1246
1246 1247
1247 1248
1248 1249
1249 1250
1250 1251
1251 1252
1252 1253
1253 1254
1254 1255
1255 1256
1256 1257
1257 1258
1258 1259
1259 1260
1260 1261
1261 1262
1262 1263
1263 1264
1264 1265
1265 1266
1266 1267
1267 1268
1268 1269
1269 1270
1270 1271
1271 1272
1272 1273
1273 1274
1274 1275
1275 1276
1276 1277
1277 1278
1278 1279
1279 1280
1280 1281
1281 1282
1282 1283
1283 1284
1284 1285
1285 1286
1286 1287
1287 1288
1289 1290
1289 1360
1290 1291
1291 1292
1292 1293
1293 1294
1294 1295
1295 1296
1296 1297
1297 1298
1298 1299
1299 1300
1300 1301
1301 1302
1302 1303
1303 1304
1304 1305
1305 1306
1306 1307
1307 1308
1308 1309
1309 1310
1310 1311
1311 1312
1312 1313
1313 1314
1314 1315
1315 1316
1316 1317
1317 1318
1318 1319
1319 1320
1320 1321
1321 1322
1322 1323
1323 1324
1324 1325
1325 1326
1326 1327
1327 1328
1328 1329
1329 1330
1330 1331
1331 1332
1332 1333
1333 1334
1334 1335
1335 1336
1336 1337
1337 1338
1338 1339
1339 1340
1340 1341
1341 1342
1342 1343
1343 1344
1344 1345
1345 1346
1346 1347
1347 1348
1348 1349
1349 1350
1350 1351
1351 1352
1352 1353
1353 1354
1354 1355
1355 1356
1356 1357
1357 1358
1358 1359
1359 1360
1361 1362
1361 1438
1362 1474
1364 1365
1364 1371
1365 1366
1366 1367
1367 1368
1368 1369
1369 1370
1370 1372
1371 1437
1372 1373
1373 1374
1374 1375
1375 1376
1376 1377
1377 1378
1378 1379
1379 1380
1380 1381
1381 1382
1382 1383
1383 1384
1384 1385
1385 1386
1386 1387
1387 1388
1388 1389
1389 1390
1390 1391
1391 1392
1392 1393
1393 1394
1394 1395
1395 1396
1396 1397
1397 1398
1398 1399
1399 1400
1400 1401
1401 1402
1402 1403
1403 1404
1404 1405
1405 1406
1406 1407
1407 1408
1408 1409
1409 1410
1410 1411
1411 1412
1412 1413
1413 1414
1414 1415
1415 1416
1416 1417
1417 1418
1418 1419
1419 1420
1420 1421
1421 1422
1422 1423
1423 1424
1424 1425
1425 1426
1426 1427
1427 1428
1428 1429
1429 1430
1430 1431
1431 1432
1432 1433
1433 1434
1434 1435
1435 1436
1436 1437
1438 1439
1439 1440
1440 1441
1441 1442
1442 1443
1443 1444
1444 1445
1445 1446
1446 1447
1447 1448
1448 1449
1449 1450
1450 1451
1451 1452
1452 1453
1453 1454
1454 1455
1455 1456
1456 1457
1457 1458
1458 1459
1459 1460
1460 1461
1461 1462
1462 1463
1463 1464
1464 1465
1465 1466
1466 1467
1467 1468
1468 1469
1469 1470
1470 1471
1471 1472
1472 1473
1473 1474
1475 1476
1475 1546
1476 1477
1477 1478
1478 1479
1479 1480
1480 1481
1481 1482
1482 1483
1483 1484
1484 1485
1485 1486
1486 1487
1487 1488
1488 1489
1489 1490
1490 1491
1491 1492
1492 1493
1493 1494
1494 1495
1495 1496
1496 1497
1497 1498
1498 1499
1499 1500
1500 1501
1501 1502
1502 1503
1503 1504
1504 1505
1505 1506
1506 1507
1507 1508
1508 1509
1509 1510
1510 1511
1511 1512
1512 1513
1513 1514
1514 1515
1515 1516
1516 1517
1517 1518
1518 1519
1519 1520
1520 1521
1521 1522
1522 1523
1523 1524
1524 1525
1525 1526
1526 1527
1527 1528
1528 1529
1529 1530
1530 1531
1531 1532
1532 1533
1533 1534
1534 1535
1535 1536
1536 1537
1537 1538
1538 1539
1539 1540
1540 1541
1541 1542
1542 1543
1543 1544
1544 1545
1545 1546
1547 1548
1547 1618
1548 1549
1549 1550
1550 1551
1551 1552
1552 1553
1553 1554
1554 1555
1555 1556
1556 1557
1557 1558
1558 1559
1559 1560
1560 1561
1561 1562
1562 1563
1563 1564
1564 1565
1565 1566
1566 1567
1567 1568
1568 1569
1569 1570
1570 1571
1571 1572
1572 1573
1573 1574
1574 1575
1575 1576
1576 1577
1577 1578
1578 1579
1579 1580
1580 1581
1581 1582
1582 1583
1583 1584
1584 1585
1585 1586
1586 1587
1587 1588
1588 1589
1589 1590
1590 1591
1591 1592
1592 1593
1593 1594
1594 1595
1595 1596
1596 1597
1597 1598
1598 1599
1599 1600
1600 1601
1601 1602
1602 1603
1603 1604
1604 1605
1605 1606
1606 1607
1607 1608
1608 1609
1609 1610
1610 1611
1611 1612
1612 1613
1613 1614
1614 1615
1615 1616
1616 1617
1617 1618
1619 1620
1619 1690
1620 1621
1621 1622
1622 1623
1623 1624
1624 1625
1625 1626
1626 1627
1627 1628
1628 1629
1629 1630
1630 1631
1631 1632
1632 1633
1633 1634
1634 1635
1635 1636
1636 1637
1637 1638
1638 1639
1639 1640
1640 1641
1641 1642
1642 1643
1643 1644
1644 1645
1645 1646
1646 1647
1647 1648
1648 1649
1649 1650
1650 1651
1651 1652
1652 1653
1653 1654
1654 1655
1655 1656
1656 1657
1657 1658
1658 1659
1659 1660
1660 1661
1661 1662
1662 1663
1663 1664
1664 1665
1665 1666
1666 1667
1667 1668
1668 1669
1669 1670
1670 1671
1671 1672
1672 1673
1673 1674
1674 1675
1675 1676
1676 1677
1677 1678
1678 1679
1679 1680
1680 1681
1681 1682
1682 1683
1683 1684
1684 1685
1685 1686
1686 1687
1687 1688
1688 1689
1689 1690
1691 1692
1691 1762
1692 1693
1693 1694
1694 1695
1695 1696
1696 1697
1697 1698
1698 1699
1699 1700
1700 1701
1701 1702
1702 1703
1703 1704
1704 1705
1705 1706
1706 1707
1707 1708
1708 1709
1709 1710
1710 1711
1711 1712
1712 1713
1713 1714
1714 1715
1715 1716
1716 1717
1717 1718
1718 1719
1719 1720
1720 1721
1721 1722
1722 1723
1723 1724
1724 1725
1725 1726
1726 1727
1727 1728
1728 1729
1729 1730
1730 1731
1731 1732
1732 1733
1733 1734
1734 1735
1735 1736
1736 1737
1737 1738
1738 1739
1739 1740
1740 1741
1741 1742
1742 1743
1743 1744
1744 1745
1745 1746
1746 1747
1747 1748
1748 1749
1749 1750
1750 1751
1751 1752
1752 1753
1753 1754
1754 1755
1755 1756
1756 1757
1757 1758
1758 1759
1759 1760
1760 1761
1761 1762
1763 1764
1763 1834
1764 1765
1765 1766
1766 1767
1767 1768
1768 1769
1769 1770
1770 1771
1771 1772
1772 1773
1773 1774
1774 1775
1775 1776
1776 1777
1777 1778
1778 1779
1779 1780
1780 1781
1781 1782
1782 1783
1783 1784
1784 1785
1785 1786
1786 1787
1787 1788
1788 1789
1789 1790
1790 1791
1791 1792
1792 1793
1793 1794
1794 1795
1795 1796
1796 1797
1797 1798
1798 1799
1799 1800
1800 1801
1801 1802
1802 1803
1803 1804
1804 1805
1805 1806
1806 1807
1807 1808
1808 1809
1809 1810
1810 1811
1811 1812
1812 1813
1813 1814
1814 1815
1815 1816
1816 1817
1817 1818
1818 1819
1819 1820
1820 1821
1821 1822
1822 1823
1823 1824
1824 1825
1825 1826
1826 1827
1827 1828
1828 1829
1829 1830
1830 1831
1831 1832
1832 1833
1833 1834
1835 1836
1835 1906
1836 1837
1837 1838
1838 1839
1839 1840
1840 1841
1841 1842
1842 1843
1843 1844
1844 1845
1845 1846
1846 1847
1847 1848
1848 1849
1849 1850
1850 1851
1851 1852
1852 1853
1853 1854
1854 1855
1855 1856
1856 1857
1857 1858
1858 1859
1859 1860
1860 1861
1861 1862
1862 1863
1863 1864
1864 1865
1865 1866
1866 1867
1867 1868
1868 1869
1869 1870
1870 1871
1871 1872
1872 1873
1873 1874
1874 1875
1875 1876
1876 1877
1877 1878
1878 1879
1879 1880
1880 1881
1881 1882
1882 1883
1883 1884
1884 1885
1885 1886
1886 1887
1887 1888
1888 1889
1889 1890
1890 1891
1891 1892
1892 1893
1893 1894
1894 1895
1895 1896
1896 1897
1897 1898
1898 1899
1899 1900
1900 1901
1901 1902
1902 1903
1903 1904
1904 1905
1905 1906
1907 1908
1907 1978
1908 1909
1909 1910
1910 1911
1911 1912
1912 1913
1913 1914
1914 1915
1915 1916
1916 1917
1917 1918
1918 1919
1919 1920
1920 1921
1921 1922
1922 1923
1923 1924
1924 1925
1925 1926
1926 1927
1927 1928
1928 1929
1929 1930
1930 1931
1931 1932
1932 1933
1933 1934
1934 1935
1935 1936
1936 1937
1937 1938
1938 1939
1939 1940
1940 1941
1941 1942
1942 1943
1943 1944
1944 1945
1945 1946
1946 1947
1947 1948
1948 1949
1949 1950
1950 1951
1951 1952
1952 1953
1953 1954
1954 1955
1955 1956
1956 1957
1957 1958
1958 1959
1959 1960
1960 1961
1961 1962
1962 1963
1963 1964
1964 1965
1965 1966
1966 1967
1967 1968
1968 1969
1969 1970
1970 1971
1971 1972
1972 1973
1973 1974
1974 1975
1975 1976
1976 1977
1977 1978
1979 1980
1979 2050
1980 1981
1981 1982
1982 1983
1983 1984
1984 1985
1985 1986
1986 1987
1987 1988
1988 1989
1989 1990
1990 1991
1991 1992
1992 1993
1993 1994
1994 1995
1995 1996
1996 1997
1997 1998
1998 1999
1999 2000
2000 2001
2001 2002
2002 2003
2003 2004
2004 2005
2005 2006
2006 2007
2007 2008
2008 2009
2009 2010
2010 2011
2011 2012
2012 2013
2013 2014
2014 2015
2015 2016
2016 2017
2017 2018
2018 2019
2019 2020
2020 2021
2021 2022
2022 2023
2023 2024
2024 2025
2025 2026
2026 2027
2027 2028
2028 2029
2029 2030
2030 2031
2031 2032
2032 2033
2033 2034
2034 2035
2035 2036
2036 2037
2037 2038
2038 2039
2039 2040
2040 2041
2041 2042
2042 2043
2043 2044
2044 2045
2045 2046
2046 2047
2047 2048
2048 2049
2049 2050
2051 2052
2051 2122
2052 2053
2053 2054
2054 2055
2055 2056
2056 2057
2057 2058
2058 2059
2059 2060
2060 2061
2061 2062
2062 2063
2063 2064
2064 2065
2065 2066
2066 2067
2067 2068
2068 2069
2069 2070
2070 2071
2071 2072
2072 2073
2073 2074
2074 2075
2075 2076
2076 2077
2077 2078
2078 2079
2079 2080
2080 2081
2081 2082
2082 2083
2083 2084
2084 2085
2085 2086
2086 2087
2087 2088
2088 2089
2089 2090
2090 2091
2091 2092
2092 2093
2093 2094
2094 2095
2095 2096
2096 2097
2097 2098
2098 2099
2099 2100
2100 2101
2101 2102
2102 2103
2103 2104
2104 2105
2105 2106
2106 2107
2107 2108
2108 2109
2109 2110
2110 2111
2111 2112
2112 2113
2113 2114
2114 2115
2115 2116
2116 2117
2117 2118
2118 2119
2119 2120
2120 2121
2121 2122
2123 2124
2123 2194
2124 2125
2125 2126
2126 2127
2127 2128
2128 2129
2129 2130
2130 2131
2131 2132
2132 2133
2133 2134
2134 2135
2135 2136
2136 2137
2137 2138
2138 2139
2139 2140
2140 2141
2141 2142
2142 2143
2143 2144
2144 2145
2145 2146
2146 2147
2147 2148
2148 2149
2149 2150
2150 2151
2151 2152
2152 2153
2153 2154
2154 2155
2155 2156
2156 2157
2157 2158
2158 2159
2159 2160
2160 2161
2161 2162
2162 2163
2163 2164
2164 2165
2165 2166
2166 2167
2167 2168
2168 2169
2169 2170
2170 2171
2171 2172
2172 2173
2173 2174
2174 2175
2175 2176
2176 2177
2177 2178
2178 2179
2179 2180
2180 2181
2181 2182
2182 2183
2183 2184
2184 2185
2185 2186
2186 2187
2187 2188
2188 2189
2189 2190
2190 2191
2191 2192
2192 2193
2193 2194
2195 2196
2195 2266
2196 2197
2197 2198
2198 2199
2199 2200
2200 2201
2201 2202
2202 2203
2203 2204
2204 2205
2205 2206
2206 2207
2207 2208
2208 2209
2209 2210
2210 2211
2211 2212
2212 2213
2213 2214
2214 2215
2215 2216
2216 2217
2217 2218
2218 2219
2219 2220
2220 2221
2221 2222
2222 2223
2223 2224
2224 2225
2225 2226
2226 2227
2227 2228
2228 2229
2229 2230
2230 2231
2231 2232
2232 2233
2233 2234
2234 2235
2235 2236
2236 2237
2237 2238
2238 2239
2239 2240
2240 2241
2241 2242
2242 2243
2243 2244
2244 2245
2245 2246
2246 2247
2247 2248
2248 2249
2249 2250
2250 2251
2251 2252
2252 2253
2253 2254
2254 2255
2255 2256
2256 2257
2257 2258
2258 2259
2259 2260
2260 2261
2261 2262
2262 2263
2263 2264
2264 2265
2265 2266
2267 2268
2267 2338
2268 2269
2269 2270
2270 2271
2271 2272
2272 2273
2273 2274
2274 2275
2275 2276
2276 2277
2277 2278
2278 2279
2279 2280
2280 2281
2281 2282
2282 2283
2283 2284
2284 2285
2285 2286
2286 2287
2287 2288
2288 2289
2289 2290
2290 2291
2291 2292
2292 2293
2293 2294
2294 2295
2295 2296
2296 2297
2297 2298
2298 2299
2299 2300
2300 2301
2301 2302
2302 2303
2303 2304
2304 2305
2305 2306
2306 2307
2307 2308
2308 2309
2309 2310
2310 2311
2311 2312
2312 2313
2313 2314
2314 2315
2315 2316
2316 2317
2317 2318
2318 2319
2319 2320
2320 2321
2321 2322
2322 2323
2323 2324
2324 2325
2325 2326
2326 2327
2327 2328
2328 2329
2329 2330
2330 2331
2331 2332
2332 2333
2333 2334
2334 2335
2335 2336
2336 2337
2337 2338
2339 2340
2339 2410
2340 2341
2341 2342
2342 2343
2343 2344
2344 2345
2345 2346
2346 2347
2347 2348
2348 2349
2349 2350
2350 2351
2351 2352
2352 2353
2353 2354
2354 2355
2355 2356
2356 2357
2357 2358
2358 2359
2359 2360
2360 2361
2361 2362
2362 2363
2363 2364
2364 2365
2365 2366
2366 2367
2367 2368
2368 2369
2369 2370
2370 2371
2371 2372
2372 2373
2373 2374
2374 2375
2375 2376
2376 2377
2377 2378
2378 2379
2379 2380
2380 2381
2381 2382
2382 2383
2383 2384
2384 2385
2385 2386
2386 2387
2387 2388
2388 2389
2389 2390
2390 2391
2391 2392
2392 2393
2393 2394
2394 2395
2395 2396
2396 2397
2397 2398
2398 2399
2399 2400
2400 2401
2401 2402
2402 2403
2403 2404
2404 2405
2405 2406
2406 2407
2407 2408
2408 2409
2409 2410
2411 2412
2411 2482
2412 2413
2413 2414
2414 2415
2415 2416
2416 2417
2417 2418
2418 2419
2419 2420
2420 2421
2421 2422
2422 2423
2423 2424
2424 2425
2425 2426
2426 2427
2427 2428
2428 2429
2429 2430
2430 2431
2431 2432
2432 2433
2433 2434
2434 2435
2435 2436
2436 2437
2437 2438
2438 2439
2439 2440
2440 2441
2441 2442
2442 2443
2443 2444
2444 2445
2445 2446
2446 2447
2447 2448
2448 2449
2449 2450
2450 2451
2451 2452
2452 2453
2453 2454
2454 2455
2455 2456
2456 2457
2457 2458
2458 2459
2459 2460
2460 2461
2461 2462
2462 2463
2463 2464
2464 2465
2465 2466
2466 2467
2467 2468
2468 2469
2469 2470
2470 2471
2471 2472
2472 2473
2473 2474
2474 2475
2475 2476
2476 2477
2477 2478
2478 2479
2479 2480
2480 2481
2481 2482
2483 2484
2483 2554
2484 2485
2485 2486
2486 2487
2487 2488
2488 2489
2489 2490
2490 2491
2491 2492
2492 2493
2493 2494
2494 2495
2495 2496
2496 2497
2497 2498
2498 2499
2499 2500
2500 2501
2501 2502
2502 2503
2503 2504
2504 2505
2505 2506
2506 2507
2507 2508
2508 2509
2509 2510
2510 2511
2511 2512
2512 2513
2513 2514
2514 2515
2515 2516
2516 2517
2517 2518
2518 2519
2519 2520
2520 2521
2521 2522
2522 2523
2523 2524
2524 2525
2525 2526
2526 2527
2527 2528
2528 2529
2529 2530
2530 2531
2531 2532
2532 2533
2533 2534
2534 2535
2535 2536
2536 2537
2537 2538
2538 2539
2539 2540
2540 2541
2541 2542
2542 2543
2543 2544
2544 2545
2545 2546
2546 2547
2547 2548
2548 2549
2549 2550
2550 2551
2551 2552
2552 2553
2553 2554
2555 2556
2555 2626
2556 2557
2557 2558
2558 2559
2559 2560
2560 2561
2561 2562
2562 2563
2563 2564
2564 2565
2565 2566
2566 2567
2567 2568
2568 2569
2569 2570
2570 2571
2571 2572
2572 2573
2573 2574
2574 2575
2575 2576
2576 2577
2577 2578
2578 2579
2579 2580
2580 2581
2581 2582
2582 2583
2583 2584
2584 2585
2585 2586
2586 2587
2587 2588
2588 2589
2589 2590
2590 2591
2591 2592
2592 2593
2593 2594
2594 2595
2595 2596
2596 2597
2597 2598
2598 2599
2599 2600
2600 2601
2601 2602
2602 2603
2603 2604
2604 2605
2605 2606
2606 2607
2607 2608
2608 2609
2609 2610
2610 2611
2611 2612
2612 2613
2613 2614
2614 2615
2615 2616
2616 2617
2617 2618
2618 2619
2619 2620
2620 2621
2621 2622
2622 2623
2623 2624
2624 2625
2625 2626
2627 2628
2627 2698
2628 2629
2629 2630
2630 2631
2631 2632
2632 2633
2633 2634
2634 2635
2635 2636
2636 2637
2637 2638
2638 2639
2639 2640
2640 2641
2641 2642
2642 2643
2643 2644
2644 2645
2645 2646
2646 2647
2647 2648
2648 2649
2649 2650
2650 2651
2651 2652
2652 2653
2653 2654
2654 2655
2655 2656
2656 2657
2657 2658
2658 2659
2659 2660
2660 2661
2661 2662
2662 2663
2663 2664
2664 2665
2665 2666
2666 2667
2667 2668
2668 2669
2669 2670
2670 2671
2671 2672
2672 2673
2673 2674
2674 2675
2675 2676
2676 2677
2677 2678
2678 2679
2679 2680
2680 2681
2681 2682
2682 2683
2683 2684
2684 2685
2685 2686
2686 2687
2687 2688
2688 2689
2689 2690
2690 2691
2691 2692
2692 2693
2693 2694
2694 2695
2695 2696
2696 2697
2697 2698
2699 2700
2699 2770
2700 2701
2701 2702
2702 2703
2703 2704
2704 2705
2705 2706
2706 2707
2707 2708
2708 2709
2709 2710
2710 2711
2711 2712
2712 2713
2713 2714
2714 2715
2715 2716
2716 2717
2717 2718
2718 2719
2719 2720
2720 2721
2721 2722
2722 2723
2723 2724
2724 2725
2725 2726
2726 2727
2727 2728
2728 2729
2729 2730
2730 2731
2731 2732
2732 2733
2733 2734
2734 2735
2735 2736
2736 2737
2737 2738
2738 2739
2739 2740
2740 2741
2741 2742
2742 2743
2743 2744
2744 2745
2745 2746
2746 2747
2747 2748
2748 2749
2749 2750
2750 2751
2751 2752
2752 2753
2753 2754
2754 2755
2755 2756
2756 2757
2757 2758
2758 2759
2759 2760
2760 2761
2761 2762
2762 2763
2763 2764
2764 2765
2765 2766
2766 2767
2767 2768
2768 2769
2769 2770
2771 2772
2771 2842
2772 2773
2773 2774
2774 2775
2775 2776
2776 2777
2777 2778
2778 2779
2779 2780
2780 2781
2781 2782
2782 2783
2783 2784
2784 2785
2785 2786
2786 2787
2787 2788
2788 2789
2789 2790
2790 2791
2791 2792
2792 2793
2793 2794
2794 2795
2795 2796
2796 2797
2797 2798
2798 2799
2799 2800
2800 2801
2801 2802
2802 2803
2803 2804
2804 2805
2805 2806
2806 2807
2807 2808
2808 2809
2809 2810
2810 2811
2811 2812
2812 2813
2813 2814
2814 2815
2815 2816
2816 2817
2817 2818
2818 2819
2819 2820
2820 2821
2821 2822
2822 2823
2823 2824
2824 2825
2825 2826
2826 2827
2827 2828
2828 2829
2829 2830
2830 2831
2831 2832
2832 2833
2833 2834
2834 2835
2835 2836
2836 2837
2837 2838
2838 2839
2839 2840
2840 2841
2841 2842
2843 2844
2843 2914
2844 2845
2845 2846
2846 2847
2847 2848
2848 2849
2849 2850
2850 2851
2851 2852
2852 2853
2853 2854
2854 2855
2855 2856
2856 2857
2857 2858
2858 2859
2859 2860
2860 2861
2861 2862
2862 2863
2863 2864
2864 2865
2865 2866
2866 2867
2867 2868
2868 2869
2869 2870
2870 2871
2871 2872
2872 2873
2873 2874
2874 2875
2875 2876
2876 2877
2877 2878
2878 2879
2879 2880
2880 2881
2881 2882
2882 2883
2883 2884
2884 2885
2885 2886
2886 2887
2887 2888
2888 2889
2889 2890
2890 2891
2891 2892
2892 2893
2893 2894
2894 2895
2895 2896
2896 2897
2897 2898
2898 2899
2899 2900
2900 2901
2901 2902
2902 2903
2903 2904
2904 2905
2905 2906
2906 2907
2907 2908
2908 2909
2909 2910
2910 2911
2911 2912
2912 2913
2913 2914
2915 2916
2915 2986
2916 2917
2917 2918
2918 2919
2919 2920
2920 2921
2921 2922
2922 2923
2923 2924
2924 2925
2925 2926
2926 2927
2927 2928
2928 2929
2929 2930
2930 2931
2931 2932
2932 2933
2933 2934
2934 2935
2935 2936
2936 2937
2937 2938
2938 2939
2939 2940
2940 2941
2941 2942
2942 2943
2943 2944
2944 2945
2945 2946
2946 2947
2947 2948
2948 2949
2949 2950
2950 2951
2951 2952
2952 2953
2953 2954
2954 2955
2955 2956
2956 2957
2957 2958
2958 2959
2959 2960
2960 2961
2961 2962
2962 2963
2963 2964
2964 2965
2965 2966
2966 2967
2967 2968
2968 2969
2969 2970
2970 2971
2971 2972
2972 2973
2973 2974
2974 2975
2975 2976
2976 2977
2977 2978
2978 2979
2979 2980
2980 2981
2981 2982
2982 2983
2983 2984
2984 2985
2985 2986
2987 2988
2987 3058
2988 2989
2989 2990
2990 2991
2991 2992
2992 2993
2993 2994
2994 2995
2995 2996
2996 2997
2997 2998
2998 2999
2999 3000
3000 3001
3001 3002
3002 3003
3003 3004
3004 3005
3005 3006
3006 3007
3007 3008
3008 3009
3009 3010
3010 3011
3011 3012
3012 3013
3013 3014
3014 3015
3015 3016
3016 3017
3017 3018
3018 3019
3019 3020
3020 3021
3021 3022
3022 3023
3023 3024
3024 3025
3025 3026
3026 3027
3027 3028
3028 3029
3029 3030
3030 3031
3031 3032
3032 3033
3033 3034
3034 3035
3035 3036
3036 3037
3037 3038
3038 3039
3039 3040
3040 3041
3041 3042
3042 3043
3043 3044
3044 3045
3045 3046
3046 3047
3047 3048
3048 3049
3049 3050
3050 3051
3051 3052
3052 3053
3053 3054
3054 3055
3055 3056
3056 3057
3057 3058
3059 3060
3059 3130
3060 3061
3061 3062
3062 3063
3063 3064
3064 3065
3065 3066
3066 3067
3067 3068
3068 3069
3069 3070
3070 3071
3071 3072
3072 3073
3073 3074
3074 3075
3075 3076
3076 3077
3077 3078
3078 3079
3079 3080
3080 3081
3081 3082
3082 3083
3083 3084
3084 3085
3085 3086
3086 3087
3087 3088
3088 3089
3089 3090
3090 3091
3091 3092
3092 3093
3093 3094
3094 3095
3095 3096
3096 3097
3097 3098
3098 3099
3099 3100
3100 3101
3101 3102
3102 3103
3103 3104
3104 3105
3105 3106
3106 3107
3107 3108
3108 3109
3109 3110
3110 3111
3111 3112
3112 3113
3113 3114
3114 3115
3115 3116
3116 3117
3117 3118
3118 3119
3119 3120
3120 3121
3121 3122
3122 3123
3123 3124
3124 3125
3125 3126
3126 3127
3127 3128
3128 3129
3129 3130
3131 3132
3131 3202
3132 3133
3133 3134
3134 3135
3135 3136
3136 3137
3137 3138
3138 3139
3139 3140
3140 3141
3141 3142
3142 3143
3143 3144
3144 3145
3145 3146
3146 3147
3147 3148
3148 3149
3149 3150
3150 3151
3151 3152
3152 3153
3153 3154
3154 3155
3155 3156
3156 3157
3157 3158
3158 3159
3159 3160
3160 3161
3161 3162
3162 3163
3163 3164
3164 3165
3165 3166
3166 3167
3167 3168
3168 3169
3169 3170
3170 3171
3171 3172
3172 3173
3173 3174
3174 3175
3175 3176
3176 3177
3177 3178
3178 3179
3179 3180
3180 3181
3181 3182
3182 3183
3183 3184
3184 3185
3185 3186
3186 3187
3187 3188
3188 3189
3189 3190
3190 3191
3191 3192
3192 3193
3193 3194
3194 3195
3195 3196
3196 3197
3197 3198
3198 3199
3199 3200
3200 3201
3201 3202
3203 3204
3203 3274
3204 3205
3205 3206
3206 3207
3207 3208
3208 3209
3209 3210
3210 3211
3211 3212
3212 3213
3213 3214
3214 3215
3215 3216
3216 3217
3217 3218
3218 3219
3219 3220
3220 3221
3221 3222
3222 3223
3223 3224
3224 3225
3225 3226
3226 3227
3227 3228
3228 3229
3229 3230
3230 3231
3231 3232
3232 3233
3233 3234
3234 3235
3235 3236
3236 3237
3237 3238
3238 3239
3239 3240
3240 3241
3241 3242
3242 3243
3243 3244
3244 3245
3245 3246
3246 3247
3247 3248
3248 3249
3249 3250
3250 3251
3251 3252
3252 3253
3253 3254
3254 3255
3255 3256
3256 3257
3257 3258
3258 3259
3259 3260
3260 3261
3261 3262
3262 3263
3263 3264
3264 3265
3265 3266
3266 3267
3267 3268
3268 3269
3269 3270
3270 3271
3271 3272
3272 3273
3273 3274
3275 3276
3275 3278
3276 3352
3277 3301
3277 3302
3278 3279
3279 3280
3280 3281
3281 3282
3282 3283
3283 3284
3284 3285
3285 3286
3286 3287
3287 3288
3288 3289
3289 3290
3290 3291
3291 3292
3292 3293
3293 3294
3294 3295
3295 3296
3296 3297
3297 3298
3298 3299
3299 3300
3300 3301
3302 3304
3303 3314
3303 3315
3304 3305
3305 3306
3306 3307
3307 3308
3308 3309
3309 3310
3310 3311
3311 3312
3312 3313
3313 3314
3315 3317
3316 3340
3316 3341
3317 3318
3318 3319
3319 3320
3320 3321
3321 3322
3322 3323
3323 3324
3324 3325
3325 3326
3326 3327
3327 3328
3328 3329
3329 3330
3330 3331
3331 3332
3332 3333
3333 3334
3334 3335
3335 3336
3336 3337
3337 3338
3338 3339
3339 3340
3341 3342
3342 3343
3343 3344
3344 3345
3345 3346
3346 3347
3347 3348
3348 3349
3349 3350
3350 3351
3351 3352
3353 3354
3353 3357
3354 3391
3355 3356
3355 3373
3356 3393
3357 3358
3358 3359
3359 3360
3360 3361
3361 3362
3362 3363
3363 3364
3364 3365
3365 3366
3366 3367
3367 3368
3368 3369
3369 3370
3370 3371
3371 3372
3372 3373
3374 3375
3374 3392
3375 3376
3376 3377
3377 3378
3378 3379
3379 3380
3380 3381
3381 3382
3382 3383
3383 3384
3384 3385
3385 3386
3386 3387
3387 3388
3388 3389
3389 3390
3390 3391
3392 3427
3393 3394
3394 3395
3395 3396
3396 3397
3397 3398
3398 3399
3399 3400
3400 3401
3401 3402
3402 3403
3403 3404
3404 3405
3405 3406
3406 3407
3407 3408
3408 3409
3409 3410
3410 3411
3411 3412
3412 3413
3413 3414
3414 3415
3415 3416
3416 3417
3417 3418
3418 3419
3419 3420
3420 3421
3421 3422
3422 3423
3423 3424
3424 3425
3425 3426
3426 3427
3428 3429
3428 3430
3428 3779
3429 3530
3430 3431
3431 3432
3432 3433
3433 3434
3434 3435
3435 3436
3436 3437
3437 3438
3438 3439
3439 3440
3440 3441
3441 3442
3442 3443
3443 3444
3444 3445
3445 3446
3446 3447
3447 3448
3448 3449
3449 3450
3450 3451
3451 3452
3452 3453
3453 3454
3454 3455
3455 3456
3456 3457
3457 3458
3458 3459
3459 3460
3460 3461
3461 3462
3462 3463
3463 3464
3464 3465
3465 3466
3466 3467
3467 3468
3467 3817
3468 3488
3469 3470
3469 3489
3470 3471
3471 3472
3472 3473
3473 3474
3474 3475
3475 3476
3476 3477
3477 3478
3478 3479
3479 3480
3480 3481
3481 3482
3482 3483
3483 3484
3484 3485
3485 3486
3486 3487
3487 3488
3489 3490
3490 3510
3491 3492
3491 3511
3492 3493
3493 3494
3494 3495
3495 3496
3496 3497
3497 3498
3498 3499
3499 3500
3500 3501
3501 3502
3502 3503
3503 3504
3504 3505
3505 3506
3506 3507
3507 3508
3508 3509
3509 3510
3511 3512
3512 3527
3513 3514
3513 3528
3514 3515
3515 3516
3516 3517
3517 3518
3518 3519
3519 3520
3520 3521
3521 3522
3522 3523
3523 3524
3524 3525
3525 3526
3526 3527
3528 3529
3529 3544
3530 3531
3531 3532
3532 3533
3533 3534
3534 3535
3535 3536
3536 3537
3537 3538
3538 3539
3539 3540
3540 3541
3541 3542
3542 3543
3543 3544
3545 3546
3545 3580
3546 3547
3547 3548
3548 3549
3549 3550
3550 3551
3551 3552
3552 3553
3553 3554
3554 3555
3555 3556
3556 3557
3557 3558
3558 3559
3559 3560
3560 3561
3561 3562
3562 3563
3563 3564
3564 3565
3565 3566
3566 3567
3567 3568
3568 3569
3569 3570
3570 3571
3571 3572
3572 3573
3573 3574
3574 3575
3575 3576
3576 3577
3577 3578
3578 3579
3579 3581
3580 3582
3581 3661
3582 3583
3582 3663
3583 3584
3584 3585
3585 3586
3586 3587
3587 3588
3588 3589
3589 3590
3590 3591
3591 3592
3592 3593
3593 3594
3594 3595
3595 3596
3596 3597
3597 3598
3598 3599
3599 3600
3600 3601
3601 3602
3602 3603
3603 3604
3604 3605
3605 3606
3606 3607
3607 3608
3608 3609
3609 3610
3610 3611
3611 3612
3612 3613
3613 3614
3614 3615
3615 3616
3616 3617
3617 3618
3618 3619
3619 3620
3620 3621
3621 3622
3622 3623
3623 3624
3624 3625
3625 3626
3626 3627
3627 3628
3628 3629
3629 3630
3630 3631
3631 3632
3632 3633
3633 3634
3634 3635
3635 3636
3636 3637
3637 3638
3638 3639
3639 3640
3640 3641
3641 3642
3642 3643
3643 3644
3644 3645
3645 3646
3646 3647
3647 3648
3648 3649
3649 3650
3650 3651
3651 3652
3652 3653
3653 3654
3654 3655
3655 3656
3656 3657
3657 3658
3658 3659
3659 3660
3660 3661
3661 3700
3662 3663
3662 3665
3663 3700
3664 3699
3664 3700
3665 3666
3666 3667
3667 3668
3668 3669
3669 3670
3670 3671
3671 3672
3672 3673
3673 3674
3674 3675
3675 3676
3676 3677
3677 3678
3678 3679
3679 3680
3680 3681
3681 3682
3682 3683
3683 3684
3684 3685
3685 3686
3686 3687
3687 3688
3688 3689
3689 3690
3690 3691
3691 3692
3692 3693
3693 3694
3694 3695
3695 3696
3696 3697
3697 3698
3698 3699
3701 3702
3701 3742
3702 3777
3703 3704
3703 3718
3704 3705
3705 3706
3706 3707
3707 3708
3708 3709
3709 3710
3710 3711
3711 3712
3712 3713
3713 3714
3714 3715
3715 3716
3716 3717
3717 3719
3718 3741
3719 3778
3720 3721
3720 3740
3721 3722
3722 3723
3723 3724
3724 3725
3725 3726
3726 3727
3727 3728
3728 3729
3729 3730
3730 3731
3731 3732
3732 3733
3733 3734
3734 3735
3735 3736
3736 3737
3737 3738
3738 3739
3739 3741
3740 3762
3742 3743
3743 3744
3744 3745
3745 3746
3746 3747
3747 3748
3748 3749
3749 3750
3750 3751
3751 3752
3752 3753
3753 3754
3754 3755
3755 3756
3756 3757
3757 3758
3758 3759
3759 3760
3760 3761
3761 3762
3763 3764
3763 3778
3764 3765
3765 3766
3766 3767
3767 3768
3768 3769
3769 3770
3770 3771
3771 3772
3772 3773
3773 3774
3774 3775
3775 3776
3776 3777
3779 3780
3779 3817
3780 3781
3781 3782
3782 3783
3783 3784
3784 3785
3785 3786
3786 3787
3787 3788
3788 3789
3789 3790
3790 3791
3791 3792
3792 3793
3793 3794
3794 3795
3795 3796
3796 3797
3797 3798
3798 3799
3799 3800
3800 3801
3801 3802
3802 3803
3803 3804
3804 3805
3805 3806
3806 3807
3807 3808
3808 3809
3809 3810
3810 3811
3811 3812
3812 3813
3813 3814
3814 3815
3815 3816
3816 3817
3818 3819
3818 3895
3819 3859
3820 3821
3820 3858
3821 3822
3822 3823
3823 3824
3824 3825
3825 3826
3826 3827
3827 3828
3828 3829
3829 3830
3830 3831
3831 3832
3832 3833
3833 3834
3834 3835
3835 3836
3836 3880
3837 3838
3837 3879
3838 3839
3839 3840
3840 3841
3841 3842
3842 3843
3843 3844
3844 3845
3845 3846
3846 3847
3847 3848
3848 3849
3849 3850
3850 3851
3851 3852
3852 3853
3853 3854
3854 3855
3855 3856
3856 3857
3857 3858
3859 3860
3860 3861
3861 3862
3862 3863
3863 3864
3864 3865
3865 3866
3866 3867
3867 3868
3868 3869
3869 3870
3870 3871
3871 3872
3872 3873
3873 3874
3874 3875
3875 3876
3876 3877
3877 3878
3878 3879
3880 3881
3881 3882
3882 3883
3883 3884
3884 3885
3885 3886
3886 3887
3887 3888
3888 3889
3889 3890
3890 3891
3891 3892
3892 3893
3893 3894
3894 3895
3896 3897
3896 3903
3897 3898
3898 3899
3899 3900
3900 3901
3901 3902
3902 3904
3903 3913
3904 3969
3905 3906
3905 3912
3906 3907
3907 3908
3908 3909
3909 3910
3910 3911
3911 3913
3912 3914
3914 3915
3915 3916
3916 3917
3917 3918
3918 3919
3919 3920
3920 3921
3921 3922
3922 3923
3923 3924
3924 3925
3925 3926
3926 3927
3927 3928
3928 3929
3929 3930
3930 3931
3931 3932
3932 3933
3933 3934
3934 3935
3935 3936
3936 3937
3937 3938
3938 3939
3939 3940
3940 3941
3941 3942
3942 3943
3943 3944
3944 3945
3945 3946
3946 3947
3947 3948
3948 3949
3949 3950
3950 3951
3951 3952
3952 3953
3953 3954
3954 3955
3955 3956
3956 3957
3957 3958
3958 3959
3959 3960
3960 3961
3961 3962
3962 3963
3963 3964
3964 3965
3965 3966
3966 3967
3967 3968
3968 3969
v
17609
3
38414
53172
18761
22738
4962
18638
42730
5832
58403
42054
41926
56142
55982
77383
23461
18772
18648
57630
15307
41435
41429
54025
54007
54550
54576
39672
39654
14469
e
90894
98220
87677
87671
14153
14155
64104
72659
59502
59486
13154
39556
40146
18648
103596
103597
5294
5299
51596
51595
18717
18713
13737
28289
103292
73886
73887
23080
23081
70932
14175
101767
40837
40835
18081
17312
40801
40644
64591
64588
85520
85519
41584
41614
48044
48046
68881
68882
84199
87648
11423
11422
27759
28741
72247
72248
11388
11390
85819
85590
85470
63973
57409
57405
92609
92604
66785
66784
60841
60842
51368
89690
89673
39598
39600
9778
9280
28699
28701
22736
22738
22676
54573
54693
16187
15988
7808
7818
28712
28713
19887
19885
3229
3228
9589
9590
8597
6750
99036
98974
64071
64065
98914
80316
80317
23310
23311
49613
105282
90276
90269
9946
9940
58149
58035
38827
38833
75670
75663
60403
106477
40679
40681
61676
82551
82550
42750
42749
64832
66465
90268
84776
84563
26914
26911
39666
39672
39671
61956
61958
39460
39456
17193
17189
53950
53916
81739
81675
84196
105492
54652
55540
55541
31229
31233
18598
18600
66105
82675
82672
56686
18406
18412
101804
101805
105970
105964
32802
32816
83485
83493
71179
71178
51579
8470
8484
11848
11847
47764
47766
59113
59298
39922
39926
86269
109702
76978
76977
67581
58427
59134
59133
57067
57068
84169
109539
27555
27557
9907
9913
22532
22534
40803
40809
70575
70335
13415
13401
10139
10143
18640
18641
15187
15185
64801
64783
22953
22562
57432
57443
72492
72484
18206
18208
5574
5557
6992
10343
43761
43757
84283
84286
90906
90910
82466
82467
72672
72670
69141
69192
26784
26787
67545
67551
85471
49269
49270
57991
73836
73834
8935
8933
71010
71005
97370
97394
70613
70616
17856
101981
60401
19501
19495
5594
57570
57572
15211
70312
70314
15495
15499
28065
28440
52339
11835
11845
25131
25132
84296
84303
75084
73172
105714
105711
67322
67324
57058
42624
42642
22577
23050
96346
96344
51449
51451
56665
56667
100739
100743
6329
6328
86569
86678
64525
60495
60523
81700
81701
5918
5912
4980
5322
52405
52429
14357
23875
23860
41429
41433
99868
98909
71715
71709
67224
107350
97104
97106
6358
6359
45124
76995
60471
60465
8702
8706
25119
25120
38970
38976
56424
92657
92658
15547
61682
54612
54611
14703
86145
86144
43353
43320
60362
39443
39442
14223
14217
12276
12275
72607
72608
9381
9379
23828
102592
10345
10357
17861
17851
25084
97392
5660
5662
73496
73497
16963
16959
75345
75402
27878
45491
45492
64719
64723
49907
32208
32210
86309
86300
42469
54092
54091
57923
57842
43321
25735
25686
67543
101522
13081
30645
26926
82509
82510
55221
55242
34707
34703
58148
13453
13455
18634
18636
54570
54550
82577
82576
39686
39654
71587
71591
77045
77057
35616
35602
16231
16227
5668
17742
17720
57627
57616
90273
90275
44988
45000
7075
7061
55244
3626
3628
39412
39411
106103
57623
38803
38800
71049
71051
67433
67434
87649
30648
30656
38643
39481
47592
47606
107749
107750
84163
84161
540
536
68981
68980
103623
24801
24797
3926
3927
5628
67212
67214
16840
16638
60661
60659
60335
60400
21962
21965
39945
39966
69501
69500
20359
23921
28148
28197
57035
57048
19830
19823
76989
77001
72503
23795
110478
110472
101268
11369
62765
62767
36417
36495
49457
49455
24915
24914
17229
17225
86254
86251
90890
90892
109916
87592
56138
56142
56141
43408
43406
47693
47694
107
103
10742
10738
77192
77186
62018
62022
15209
89965
110129
23624
23558
90918
90908
74876
46631
46623
30546
30540
11463
11464
29903
29899
82676
82682
56379
56378
64014
64012
43039
43045
22734
38946
79324
79323
58307
58230
56140
13721
13711
23861
63358
58693
58551
76038
76036
9032
9036
18168
18170
82882
82883
71045
71044
91340
91336
14295
14289
29604
29930
9880
9817
75145
11396
11398
64602
64648
3940
3887
49467
49469
41743
41749
93821
93836
72761
72745
28439
24629
24863
97795
9796
41712
41711
16595
16597
70568
70571
84201
84198
3636
3635
23630
109378
13958
13956
14707
57839
57817
89909
89962
64078
60459
60458
84080
84081
73851
77412
77410
63353
4978
27743
27739
81726
81724
70980
107738
26646
103059
60491
76988
76985
9360
9359
19875
19876
66739
69061
86214
86206
56700
98910
98915
69470
69472
57611
57448
58020
58013
45139
45140
69070
69089
71550
71551
77092
77089
4962
4963
4958
69433
69432
51229
51231
82582
38479
38473
57060
57059
104834
44870
66672
54837
54826
22950
84568
84565
87593
67372
67371
80404
80400
75350
75351
23460
23461
45372
57984
57983
13122
13067
29959
29961
51768
51795
84215
84213
87656
87654
67501
67483
84713
84614
9384
60315
60311
46551
46525
76981
33776
33772
5324
69091
28388
28387
41524
104514
73690
73674
13563
13562
9641
9636
100620
6952
75234
74892
3658
19493
63228
63213
60399
60393
5833
5832
71214
59093
72593
105980
55861
27909
13391
26680
26674
54019
55886
55900
22988
22989
18596
18166
3622
3618
80120
80119
5272
106979
64427
23829
102604
75349
47608
7076
100642
84475
84476
2470
2466
39928
28375
4194
4193
80206
95242
95220
64727
11381
42721
104630
13808
63568
67664
84177
84179
63439
63425
67439
67438
81908
24339
24331
46194
46222
97829
66513
66515
68975
29945
29908
25576
25573
854
850
43085
43086
21986
22156
82684
66486
66488
72731
72722
57390
23112
23089
5840
29931
60416
60418
48431
48417
82730
84473
64088
64086
5253
5255
39956
39954
102130
102133
80326
80351
58425
58407
105985
105974
51475
15193
14595
57092
57114
77366
77381
63368
43769
68955
68948
23384
23385
58058
58019
18750
18748
56639
56638
22574
22576
69594
70311
18772
7852
7847
84706
71254
60361
41796
36513
64038
64040
61955
61954
82442
82440
30068
103581
70201
69483
12305
12286
75183
67578
67576
72939
52705
52709
68925
68927
46224
46223
55588
55589
91386
91387
42246
42247
100753
7816
51764
18095
18099
5553
9791
9813
5900
72943
64006
64004
23881
23880
73121
73122
56788
56484
45380
45381
67215
107379
107383
5868
5854
60394
28611
28613
79394
79395
6254
6264
55902
6844
6409
3894
97089
13880
13882
38952
75662
84089
84073
52466
52467
27883
43772
5841
6057
41525
5670
49036
49002
55382
55403
13540
67360
67362
9583
9486
90249
68952
68954
56483
3656
3649
9911
25036
109892
87630
99359
99338
16880
16849
15331
60683
60679
89875
89801
94640
32
0
18210
101808
14362
43480
43733
76950
76951
106520
37270
37266
95243
93842
25030
28050
28061
6266
58218
58228
26051
26050
86222
86224
11740
11742
29986
29984
80353
79527
79528
43029
43037
9944
75794
69068
84480
84479
28630
103280
103276
84074
84054
11672
11688
49466
82628
82614
77017
77016
544
548
23051
25998
26000
84071
3922
41504
41434
74802
74808
25991
25897
72765
54066
54068
8593
8592
10217
10219
107057
64889
40738
40868
64878
64505
51535
51564
49040
49046
27977
28098
14677
14495
53913
53918
22970
22984
18175
18182
64063
67232
67239
60655
60651
73490
73491
58719
106949
22162
22172
45397
45466
67380
18452
18414
60383
60385
24785
24786
11694
12278
70745
70748
97791
97789
57624
57391
41430
40260
474
470
87610
51328
51355
66052
66054
41828
36545
55869
55862
92611
36433
36431
67487
67464
57628
57630
57629
17643
17645
107059
33194
33190
58357
57757
11858
11860
27929
27927
58707
58706
43090
43089
70907
70918
11445
72720
53136
105534
38630
28276
28275
64000
64021
60319
60321
17608
17609
17605
10161
10159
5249
5250
58309
67342
67345
81952
81927
8937
35712
35714
40636
40642
82613
82610
70744
70678
77059
92660
92665
9380
9794
9795
27616
27614
26738
26740
46159
46171
26923
57404
57596
71174
71168
97927
67553
70901
97933
97931
27885
27889
16219
16199
71012
30965
30969
25289
25161
75415
75417
3424
3423
48049
71075
71076
79505
84078
14587
84065
84064
51443
23943
24067
68966
68769
36497
16716
16719
4964
23772
23773
6362
6340
18084
22990
58417
58736
56467
56468
43587
41709
51273
51441
33174
33066
72034
72028
4230
4229
82533
82534
67537
94642
79880
109077
18445
18441
97119
6363
107649
58405
88946
88944
52431
52437
70576
70668
100472
99013
99019
101315
11852
85404
85408
56702
57269
25971
25973
14571
14569
67565
67571
107282
66471
82879
56729
36415
36401
52332
52328
69138
101298
101297
39516
39520
582
24104
24098
64494
12046
12063
16760
25334
25333
67663
67662
71718
71698
75644
75668
43751
43750
64903
66579
67529
67525
1956
1952
105979
71172
29019
29018
27623
27622
17857
60451
9584
9582
49643
49645
101502
56703
54830
56689
26741
105130
48111
54620
71067
8980
8978
46387
50625
49595
11458
11456
23699
23697
458
454
28427
28428
40244
40284
25038
62065
76017
76008
109521
109520
42565
42566
99942
77364
77414
17003
16967
13675
13673
77386
60360
49714
49712
87726
7183
82698
82692
66094
66095
42254
42255
66045
66044
41572
41579
18212
64003
57393
57394
42573
56014
56122
17018
17020
82602
68935
68956
13115
13108
45135
45133
64122
83433
83432
25143
25048
104238
104241
76022
76020
10726
10722
68933
41441
41445
6066
6065
105959
28631
14689
14683
10059
10039
20202
18113
23312
23314
84317
84298
84128
84130
12418
12420
29913
29909
54242
43574
43573
18662
18660
103530
29612
45002
62015
62012
76087
76005
56690
10579
10578
108403
56727
14176
84367
84369
11392
103052
18117
25736
25741
14211
14215
64825
64789
16834
16836
8848
8850
105500
69387
69386
67517
67528
82558
82559
41892
41894
23927
23922
64032
72952
42583
40845
84053
98224
98218
92838
92852
26073
26077
49627
49629
79529
40222
40216
76940
76944
69224
69223
92661
92810
92831
75613
75611
8835
8839
26866
26759
99817
99835
40274
89871
40870
27014
27018
15299
15297
55405
63360
43476
43475
6990
28330
103272
89756
89692
534
59143
59151
22158
104592
104601
49604
49612
5313
5561
9358
9388
19743
5619
5626
56464
52881
52875
43314
6336
58941
58928
60431
53068
53890
11764
11766
105281
51239
51263
49698
49697
58415
39670
39669
25080
25079
28495
94926
94922
42034
42038
42022
54640
54638
106107
106105
38618
40702
4888
4878
39690
40256
59645
59647
77383
77374
56385
51964
4186
23742
23739
25327
4185
3895
11660
11670
24608
24592
23500
23502
36543
5301
5300
38617
38641
87975
88936
75404
63513
63514
68964
99360
21460
21464
3428
3430
30201
30202
53914
108491
108438
8234
8223
24093
24094
46371
46383
66654
66661
80199
80381
42732
42745
57796
89948
89918
13916
13944
67442
13400
17601
84214
43315
62766
30077
30079
66580
30655
23716
23717
10176
13398
75740
75106
13381
13360
48112
7955
8009
23836
102601
10175
67361
66455
66457
88892
88894
69405
69407
66063
51823
9372
9385
64023
64803
7093
39648
21341
95765
95766
55380
60389
60391
96297
96323
25961
25960
52765
52462
18726
18724
51271
51265
24943
24939
38274
37398
16792
16790
17823
54851
54849
96858
96860
5884
99
42578
13200
13202
14579
14577
27737
42731
30093
103595
71697
2454
19741
19731
84729
16619
43459
43460
43301
41466
155
516
9950
9688
82725
82726
26621
6288
6294
100555
100758
25595
25594
10051
10049
27968
27970
13920
91459
91460
32898
32896
56634
56633
81839
81905
74135
74137
43305
63979
22174
22176
72294
72254
54197
54232
52299
84050
97828
81703
72468
58460
13117
29531
29525
40746
40711
9690
10136
104597
104591
19538
19536
25397
25395
63205
63208
23942
51938
51934
22516
22518
56804
56805
9638
5593
82507
82506
48145
48140
64112
64106
7792
100750
27647
27643
70322
70332
103270
28257
19547
19546
5886
76070
84191
84190
109386
56792
56793
23891
23890
92259
92258
5310
5312
43396
64030
96258
110713
24103
67412
67416
30247
30257
41446
85463
85460
22561
22563
11941
39400
39431
63190
95691
95698
25331
1948
1885
101655
101747
70610
70612
29650
29648
111
61808
61818
10285
77079
63376
21325
21337
64886
107060
14285
64073
15195
43463
26686
28376
100757
20190
20189
56687
10396
101132
69282
69281
40286
28006
28046
7863
7864
26583
26998
67405
67406
59783
59785
25016
25006
25398
73542
72763
60365
60369
16195
18460
18454
43368
82414
82389
17313
17307
68841
71108
71110
12743
82630
26935
25015
73
66
89934
89946
28155
27960
81691
81836
9812
9816
13723
13741
22514
29764
29765
54561
4877
42618
71637
42746
8468
8478
84187
27690
30784
5340
5338
12414
11851
45524
18753
18721
6405
6393
58787
58738
75703
55548
60449
106184
106181
106474
7836
7838
39948
27961
81530
81531
79473
75184
77063
82536
72661
77065
86180
86181
35698
35696
10073
10072
60454
79893
89752
89753
67562
16972
16978
57802
62010
106715
524
182
96401
106518
106517
29757
29552
29666
71605
71606
86584
75306
108325
100236
86092
86083
40736
52685
52689
38348
38342
10215
11561
11557
72695
40150
17581
17577
1875
1873
86270
101496
13051
62966
63971
33788
73849
79665
79671
30253
103628
66162
66164
18389
17015
83408
83409
42052
14370
14368
80033
80035
52446
109079
79883
27566
26958
95690
60371
54027
54079
48442
105167
3235
53034
25683
25579
59084
59155
97852
57598
102127
19503
6058
88922
88926
92812
77375
77226
52883
24775
91458
85584
80111
80279
46635
46633
71078
71079
28702
13
9
5952
23740
38294
38290
91465
91467
19698
72743
64220
64219
47528
47542
45102
45144
92607
70906
84482
85456
26620
43311
24776
24662
68949
106098
20799
4889
40265
40224
44850
44854
43464
87724
23664
64531
107000
7820
58014
57615
20358
5580
54313
54890
556
550
40892
40891
28612
39375
39386
102485
81849
8229
8228
54552
64428
45472
45487
83575
41379
30551
86210
86211
21984
64790
64788
48084
49482
79405
79403
67
7834
7850
9644
9484
41476
66053
8004
8010
72496
86230
86228
59770
54528
54532
61716
50629
5870
28222
28218
16611
16615
53150
66787
66786
64833
51359
67924
67913
6324
6326
42648
42730
42727
49594
49593
101303
101301
11378
11374
99337
67500
89666
89381
77
110712
107373
83534
83542
29020
89935
16627
16832
100616
822
16629
16633
15313
15315
40899
101563
13356
91463
82663
18602
18223
94924
98240
8224
8222
69193
69195
13065
86189
15980
15976
16980
75919
75918
2
7
3
30985
31213
18214
18183
55884
109693
86190
23973
103287
103295
58363
82405
109354
79319
79322
105965
9798
9790
54222
67481
5556
21961
46553
51785
51812
98206
60847
54649
53952
12039
11974
67396
67397
97794
19699
99027
99028
18639
10361
51543
51398
73498
16773
16699
6389
2612
45104
45103
94482
94486
15543
23593
23591
87695
87697
103279
103271
14461
14459
76975
76953
27551
27550
43070
43073
58404
5958
39965
98623
15944
1960
40900
40935
64001
32226
32800
107003
13417
56392
25578
16714
17847
99004
99007
54632
8829
54031
54036
72953
71000
71001
77051
77052
52366
52369
45378
45395
41812
41798
41927
41934
54007
54022
54008
39685
59114
30580
30556
107881
75700
56126
23028
23047
20800
20807
79532
29517
29513
99016
11410
11489
9093
42460
42063
54210
29550
80355
40602
40608
43025
60359
60331
84188
26668
26652
38413
38414
38410
40881
11372
74891
74898
64002
96306
96308
103288
43734
10126
19822
19707
67535
86247
109694
101765
66086
23693
23692
90280
3231
3233
89982
18215
84193
84138
85582
85583
77055
57470
57116
66180
66183
11553
56463
67574
59131
59136
47590
32914
23552
16599
73054
73068
85780
85778
15203
71617
71688
104586
67306
67313
25199
25200
21321
92646
92647
28236
28232
12064
40266
38394
46531
46555
49603
42577
82403
37378
13057
13050
39416
43027
75666
6958
6976
54055
16625
86188
30245
73129
11782
93362
60464
60463
91462
91461
45120
28444
28453
97350
51588
82426
12698
12697
26563
26567
82469
56479
84613
82498
82499
64070
64069
29534
29535
64051
16800
16970
107430
107447
8846
34575
17800
22528
67299
67298
54584
54578
32738
32752
73052
7815
46520
71042
71025
18650
57992
53035
53062
33062
81609
80372
39624
39665
4970
4972
39388
16566
9112
9114
42585
87607
46273
46274
71024
71019
40747
40754
95758
80108
79898
40843
7060
7062
51942
53170
53163
84417
81610
16889
16888
26953
80319
60665
68856
14280
66487
66526
19706
59344
29536
46556
46571
26419
76943
76942
41633
41641
44986
40710
79474
51551
51552
11780
91469
52458
22969
98236
98208
13368
13369
79462
23609
32112
31217
46189
46187
92635
92634
62905
62906
80157
80298
13389
84154
84155
51342
52841
52843
22959
22961
97934
97935
80028
80153
109013
71055
70676
73835
58440
88924
88910
70618
85402
56789
59022
13743
16798
103703
103702
12819
79315
82643
82651
51520
51522
92650
92645
35728
35650
27879
30071
84076
40242
40236
5298
54586
12445
12441
23054
98216
79531
10595
25888
25887
9012
97386
97384
17821
17809
24999
22722
22724
29600
29596
5772
85788
21476
21480
90880
86095
86104
17744
18638
71070
42591
42593
17569
17233
6269
80197
60731
57836
57835
5652
5618
86616
61939
61937
39461
39552
40294
41435
82496
69597
69588
39943
107964
72510
97382
82567
12311
12313
32818
43479
24533
24534
45095
45142
63476
63475
28282
9579
41714
10133
96293
30254
104606
104612
10141
24655
24656
56809
57427
94477
94479
68958
77384
10442
10441
46193
77077
53854
53048
25045
8570
8019
82395
82397
38278
8971
66582
61970
60729
95222
26864
69477
20199
22744
22745
71069
43355
43394
82374
82373
64029
42062
54630
87979
33784
29695
29658
71004
57921
57840
102566
16787
16783
39976
39978
67440
79476
7096
41721
67222
84487
109616
86276
86277
25083
38469
20092
20808
25133
61718
74901
74899
104622
6101
38358
40755
22512
64068
64077
55948
55950
66184
66119
60358
30204
11836
66581
34595
38362
25192
77078
39647
36449
36447
36399
88938
61714
102962
11447
32128
32130
13560
11829
79402
43754
84091
38411
42468
80122
80123
77035
77036
67231
85787
85777
23670
71090
71093
16878
46262
22952
8421
23121
23452
20200
20192
19853
19854
79445
48050
48051
11406
25752
25751
47714
47718
104650
86178
9077
55549
66185
64902
60455
70749
23306
57052
57069
61686
2450
57799
14695
15954
15950
102567
86215
14735
48443
54858
54575
3640
100235
42461
54184
9811
32066
32144
6938
34723
34719
41486
109614
84728
6860
6848
27754
52851
52873
76984
14297
18222
15511
51389
68862
68873
57751
13806
108456
13295
75302
26061
26047
24147
24148
55980
55982
84170
27583
27579
12040
67398
67392
45020
18397
18393
86297
51379
51381
63232
55597
55973
83546
86354
67486
82372
6978
88528
91339
8425
61678
586
66182
92816
92823
59555
102964
14593
77082
28432
13061
64103
54211
25328
96321
96309
64904
54828
52694
84559
67654
46654
46655
43367
43363
14180
14163
82470
23519
23521
92836
74131
51965
8883
8894
85459
85457
107552
18174
103208
11944
11943
49944
49945
32754
107375
67446
79664
22160
73692
52771
52773
57428
25749
25742
87631
30765
30767
29036
70187
70188
54080
26579
24800
51577
40725
30606
30602
40215
61794
61803
96869
96864
17718
68890
2608
2596
51959
87662
40600
38527
106978
51941
71056
40234
48139
48118
46261
46220
36527
82568
8596
84788
34579
17028
18404
79663
64089
10363
10397
95759
95772
57793
57444
72472
45400
45474
70567
3935
13208
21982
61814
61812
51477
51483
71096
71095
39623
41846
41844
5575
5578
29755
17281
14477
51947
51834
64706
80198
84590
84591
41612
88530
81925
81883
46123
46125
4134
86116
86118
30552
29512
39414
25394
49452
70998
70993
89691
57123
57070
67597
67593
51237
52767
82434
82435
19551
54234
3936
64589
64735
9095
9105
23851
66717
23974
57403
23719
24278
24330
84368
59369
82727
17026
86615
86246
99819
17303
54009
13225
13227
24867
54033
87977
42207
59342
25898
46557
17573
8480
16637
16630
40964
40968
57671
57637
103285
82660
58439
32050
32064
92848
92850
40811
27895
27894
86171
87716
68983
32912
12412
35600
8942
45475
27567
43043
51587
24346
24340
42533
42547
23855
22717
23026
43312
25958
101499
13043
10461
67261
12688
12369
12307
11551
26756
15984
98622
87718
41935
44866
54553
54551
45022
45034
8020
8018
68858
8423
8891
13955
50773
47496
17807
27989
27990
13463
21980
9905
9854
17283
17795
89933
64225
64550
12280
76955
76957
79674
48146
48433
32114
39433
67554
67558
92860
23607
5554
100492
87680
87698
79960
54576
18761
18763
18757
43023
29649
66160
66161
15515
98916
39612
39611
13135
13137
9692
5268
5270
13884
101318
103212
99327
92825
51954
67307
71724
69357
69420
48056
48055
90247
67447
57124
106081
57943
61670
61674
82443
48089
42050
38489
38491
95903
46625
13107
96879
59302
27613
27612
51544
23792
23793
58397
54451
54455
5274
27923
49938
42198
103709
17621
17623
40703
15201
84153
84165
3639
29586
29588
27819
108304
108303
27617
39522
54562
80371
23316
3630
18437
18401
55974
57711
57677
89762
89761
58446
58445
81851
16841
46369
69463
23049
52451
99022
107196
57595
57593
39415
41830
14585
59402
27984
27980
55219
105599
57612
8472
27755
54618
40273
86234
86229
36511
84612
76997
41697
55966
55964
24348
18603
51835
47935
64025
91470
66719
66737
56046
56044
109748
86573
17221
17201
64199
59498
29659
22652
22650
8885
19884
59768
5566
5564
66670
28217
60334
22718
73544
73483
24612
24626
55218
62903
46218
46214
17611
109518
86248
17792
76961
76963
86252
86233
97103
82600
29752
15943
64152
34591
106898
93840
14739
41506
87670
109913
24591
91477
47944
47943
59423
10265
6864
42054
86134
45125
12284
14161
71732
2592
72594
23308
82700
25589
22178
22530
22739
59576
59630
85406
85407
150
154
75697
101769
28242
24909
61933
33046
29992
183
177
75605
32162
32736
79683
76071
72080
45099
11762
28060
43069
75088
50769
60363
5902
71086
71089
63520
69226
13457
35618
20357
20349
523
84782
28002
45036
8553
8554
42055
107651
24528
24153
69140
95699
35744
35730
11736
57472
84136
97788
9909
87700
87706
13552
22716
102528
84097
68875
38525
63437
74890
7213
32048
16695
43755
11692
28962
28961
13461
86132
107385
51397
24586
24585
89689
66659
85779
41602
12695
64549
17789
82555
107741
71035
82690
95902
86080
86082
18172
30067
5774
41396
55981
54238
54824
73672
79784
97085
84708
54186
38519
33178
8232
40610
69280
69272
32832
32834
82425
11892
13041
106114
53861
105697
79318
86115
16223
43593
86107
58550
58543
66163
9637
27002
85786
43737
71217
27571
86216
86218
21967
41924
70953
70968
98232
98234
27642
53171
53221
9942
109129
13080
73007
73005
81535
81536
64524
89983
43074
7214
51485
98146
98136
67297
43738
71586
84319
6093
6100
9948
10281
59655
67241
106479
75102
83418
108674
57447
86232
51566
53853
55596
79959
80041
51533
6092
58403
19729
4245
17305
42723
27901
13385
85455
38441
104078
32146
88523
88519
47788
88882
88896
28293
28280
84663
84665
81533
43362
80116
80117
56133
56134
20348
13221
40692
40694
63493
16700
57090
96867
66181
68861
18594
27911
42549
24611
38420
60430
60432
68865
71716
67413
67414
59644
41814
89672
92815
26057
56028
54856
59370
7228
7229
99831
28392
60477
49312
49316
13665
13664
12045
90902
96240
96244
24628
109133
58156
41926
9075
57631
5998
97340
97352
29027
28538
27627
68867
79785
10460
23535
23537
72767
72997
72605
107365
29941
50753
50757
92572
92606
28297
12439
70919
99362
101561
33050
12735
10058
38340
38352
23854
40634
73131
74800
45399
8925
105121
61800
29592
84420
23453
57431
68839
58157
18611
18610
41699
41700
16872
16874
51827
82554
102136
26041
56480
84418
94649
94768
19537
9103
9107
54241
12736
49454
28965
85515
63175
63168
13894
35746
22962
52799
52805
23088
25194
82415
70951
70950
13496
59654
60398
35634
35632
84195
84657
57407
95760
102531
60483
63378
19
23
36
157
159
29935
71628
518
530
45118
560
46632
818
7812
1881
23486
52453
3429
3650
3920
3929
87704
4243
18732
5562
5569
5568
5788
5790
5852
5992
63981
95767
7810
7854
7856
7860
8008
8230
32160
8342
8552
8567
8568
8564
8591
8837
8881
8927
8969
8973
82387
82375
39430
9588
10160
10221
10269
104607
59083
59092
10458
18760
11563
17285
11972
11973
64028
12738
12742
69222
13141
16881
95763
60396
13659
27919
14227
14361
23941
23928
14475
70572
14485
14539
90281
64226
15355
15503
15507
17197
95240
56030
96866
16191
42199
87678
82642
16612
16584
16621
16623
16772
16779
16838
16848
16876
16955
17007
17011
54016
18449
18462
18709
18734
18764
18766
69404
98147
19994
41639
22572
22573
22674
22720
22986
71013
23113
23120
23390
58685
23484
23779
23778
23887
103578
24154
24349
24527
25046
25121
25191
72300
25588
56393
25684
25894
26067
67404
80118
35648
51781
72999
27561
66576
27905
28045
27976
28380
28398
28634
28698
28540
28536
28963
29937
29994
30657
27694
30981
99827
99829
71986
71992
32224
32848
32850
86250
57049
82584
82585
47544
71629
36529
37250
37254
37382
37394
38354
38398
38422
85516
38518
38809
39585
39587
40292
57061
64120
40723
40946
41399
57717
41468
41598
41908
41910
41954
41958
42206
42531
86133
51949
43595
43618
60461
63188
63180
46137
46139
46157
46173
46529
46662
46664
47526
47792
48068
48082
99026
48117
109344
49290
49292
49471
49453
46652
49521
49587
49588
49905
50641
50645
51390
52284
52295
52330
52368
52449
70675
52795
52794
52801
52849
53154
53164
53168
53172
54025
54026
54053
54831
54859
60649
55870
56010
56110
56677
56679
56808
108682
59494
58945
59018
59153
59085
59577
60527
61666
108676
63165
63167
63564
30200
64075
64076
64114
66578
67305
67310
67311
67353
67355
67418
67502
67516
77033
68973
29100
87664
69227
83574
69583
69587
69598
101304
70333
70931
70578
70992
71032
71114
71116
71175
71208
71560
72480
72504
74810
74874
94650
76072
76938
76946
77037
77039
77043
79446
81858
81881
81954
82388
99033
82574
82599
83420
84049
101588
84099
84102
84185
84786
86142
86205
86207
87608
87687
87689
87702
90878
93805
95226
97348
97400
97402
99329
109340
109339
100744
101947
96890
96889
103579
104937
108322
64154
107372
109346
5559
13553
29696
69271
89665
64880
67927
40883
40912
40917
43572
43575
43302
38628
38596
38598
56688
56375
56368
51338
51366
51311
53016
53017
53047
45097
45489
93803
93799
47498
47457
47456
47479
47481
49000
23334
23317
6268
6291
6297
67915
68632
68634
68641
68660
68661
70220
70200
70202
63424
63367
63369
67653
67590
63390
63389
63387
62893
62877
62875
62757
58704
58686
58684
82891
82869
82867
82740
83419
83572
86310
86462
83592
83593
83591
86586
87304
87306
87299
87315
87314
85845
85826
85824
14535
14533
14505
15353
15339
15367
15371
15327
15307
15305
14489
14469
14483